1|0|2|7|6|u|0|_|a|2|7|6
1|0|2|3|2|u|0|_|a|2|3|2
1|0|3|5|9|u|0|_|a|3|5|9
1|0|2|8|4|u|0|_|a|2|8|4
1|0|5|1|1|u|0|_|a|5|1|1
1|0|3|6|4|u|0|_|a|3|6|4
1|0|3|7|1|u|0|_|a|3|7|1
1|0|1|4|1|u|0|_|a|1|4|1
1|0|1|4|0|u|0|_|a|1|4|0
1|0|5|7|9|u|0|_|a|5|7|9
1|0|2|1|7|u|0|_|a|2|1|7
1|0|2|9|6|u|0|_|a|2|9|6
1|0|5|3|3|u|0|_|a|5|3|3
1|0|8|7|5|u|0|_|a|8|7|5
1|0|2|7|1|u|0|_|a|2|7|1
1|0|3|0|5|u|0|_|a|3|0|5
1|0|1|7|9|u|0|_|a|1|7|9
1|0|3|9|4|u|0|_|a|3|9|4
1|0|2|7|4|u|0|_|a|2|7|4
1|0|2|1|5|u|0|_|a|2|1|5
1|0|2|4|9|u|0|_|a|2|4|9
1|0|4|6|9|u|0|_|a|4|6|9
1|1|2|4|4|u|0|_|a|1|2|4|4
